                                danceability    energy  loudness  speechiness  acousticness  instrumentalness  liveness   valence     tempo  anticipation       joy  surprise     trust     anger   disgust      fear   sadness
cluster                                                                                                                                                                                                                        
Alternative_negative_cluster_1      0.545746  0.477664  0.563485     0.108269      0.441265          0.156844  0.179188  0.367683  0.385845      0.151284  0.051227  0.118315  0.082743  0.105631  0.098783  0.105366  0.167015
Alternative_negative_cluster_2      0.524580  0.826497  0.896797     0.246434      0.113520          0.070610  0.260753  0.557410  0.471362      0.321730  0.139046  0.307474  0.219153  0.318671  0.333961  0.324701  0.478386
Alternative_neutral_cluster_1       0.504813  0.453410  0.621382     0.112179      0.562135          0.199397  0.136284  0.342377  0.314018      0.177798  0.074280  0.111203  0.140729  0.086288  0.093006  0.092105  0.046954
Alternative_neutral_cluster_2       0.110392  0.572776  0.822958     0.903667      0.192720          0.000000  0.340519  0.435792  1.000000      0.400046  0.461046  0.215232  0.342314  0.613601  0.050274  1.000000  0.563443
Alternative_positive_cluster_1      0.445161  0.652420  0.780220     0.196247      0.233392          0.224241  0.171331  0.448711  0.365484      0.647296  0.368196  0.533595  0.575277  0.220513  0.223090  0.212354  0.318649
Alternative_positive_cluster_2      0.522272  0.528789  0.632661     0.079895      0.412157          0.220981  0.182919  0.404948  0.410887      0.219801  0.184700  0.154677  0.206226  0.060868  0.056731  0.046086  0.071830
Blues_negative_cluster_1            0.546976  0.745940  0.776663     0.222935      0.159208          0.032161  0.189800  0.422533  0.296480      0.323494  0.119530  0.354734  0.152139  0.366456  0.391018  0.374594  0.353022
Blues_negative_cluster_2            0.520911  0.235668  0.360957     0.074155      0.665261          0.075524  0.182965  0.528846  0.316658      0.148735  0.080782  0.132450  0.099476  0.137175  0.104415  0.162168  0.255536
Blues_neutral_cluster_1             0.761901  0.178979  0.000000     0.147265      0.750984          0.163743  0.288940  0.846995  0.322376      0.063499  0.058546  0.102491  0.097804  0.049307  0.043092  0.026734  0.028508
Blues_neutral_cluster_2             0.641652  0.392211  0.548635     0.146223      0.924165          0.000000  0.000000  0.646175  0.310066      0.577844  0.281750  0.430464  0.494453  0.268451  0.251369  0.356725  0.735606
Blues_positive_cluster_1            0.623445  0.572850  0.806038     0.123000      0.325915          0.171515  0.155520  0.537682  0.355883      0.722305  0.465315  0.538079  0.551506  0.188555  0.142442  0.210526  0.294438
Blues_positive_cluster_2            0.575072  0.355765  0.496379     0.112168      0.699046          0.013199  0.333059  0.691291  0.331191      0.178909  0.233084  0.168598  0.152139  0.064236  0.041476  0.053363  0.063094
Country_negative_cluster_1          0.667270  0.637486  0.731880     0.253724      0.317586          0.006845  0.234263  0.630882  0.379467      0.497588  0.234080  0.511175  0.375594  0.400013  0.347727  0.420890  0.648329
Country_negative_cluster_2          0.587448  0.479297  0.633042     0.063703      0.423575          0.022488  0.229118  0.499291  0.331311      0.175342  0.086322  0.183125  0.136589  0.166961  0.163320  0.152370  0.257164
Country_neutral_cluster_1           0.601118  0.818524  0.851044     0.067660      0.223867          0.037382  0.154515  0.692338  0.440233      0.311147  0.168623  0.272029  0.259905  0.202936  0.175958  0.110624  0.174283
Country_neutral_cluster_2           0.529919  0.286079  0.457077     0.116756      0.607560          0.045802  0.142258  0.310109  0.340988      0.168538  0.081110  0.107616  0.134707  0.073504  0.048179  0.048489  0.097168
Country_positive_cluster_1          0.580642  0.490295  0.627774     0.064683      0.455188          0.026479  0.231551  0.501958  0.343256      0.253278  0.193955  0.197860  0.202374  0.065243  0.050906  0.047409  0.077678
Country_positive_cluster_2          0.569517  0.736778  0.844958     0.065917      0.222256          0.003130  0.193001  0.634034  0.437952      0.538238  0.409326  0.535780  0.462514  0.175525  0.153399  0.146236  0.258295
Dance_negative_cluster_1            0.750402  0.801054  0.788432     0.134110      0.139713          0.103356  0.331377  0.605126  0.425447      0.306913  0.148803  0.341638  0.262622  0.169836  0.232217  0.179894  0.407677
Dance_negative_cluster_2            0.681853  0.877901  0.960356     0.361224      0.044208          0.193779  0.234670  0.408689  0.471168      0.138682  0.044055  0.114790  0.054770  0.176410  0.130712  0.123977  0.141643
Dance_neutral_cluster_1             0.739012  0.706966  0.827088     0.034834      0.079778          0.025293  0.184915  0.721311  0.392391      0.162982  0.068303  0.095659  0.063391  0.025567  0.033516  0.025341  0.204770
Dance_neutral_cluster_2             0.568058  0.941306  0.860547     0.042935      0.000000          0.000093  0.461042  1.000000  0.751172      0.000000  0.076841  0.286976  0.000000  0.038350  0.050274  0.093567  0.003913
Dance_positive_cluster_1            0.545465  0.929291  0.917016     0.151822      0.062068          0.230564  0.360280  0.370926  0.541401      0.218326  0.263670  0.251104  0.303160  0.117306  0.118291  0.045408  0.069740
Dance_positive_cluster_2            0.937794  0.775739  0.803086     0.085884      0.229710          0.307392  0.092457  0.635756  0.340070      0.462275  0.400427  0.408940  0.400634  0.117607  0.125684  0.128655  0.143078
Disco_negative_cluster_1            0.571462  0.426944  0.456385     0.086567      0.309865          0.139827  0.280475  0.567869  0.280835      0.128015  0.097332  0.140618  0.103455  0.200954  0.116635  0.196491  0.277652
Disco_negative_cluster_2            0.884514  0.606225  0.609371     0.085871      0.264861          0.005259  0.337090  0.976776  0.499818      0.622293  0.399573  0.703091  0.289065  0.889722  0.723941  0.432749  0.666741
Disco_neutral_cluster_1             0.756644  0.689699  0.559708     0.132856      0.144405          0.000131  1.000000  0.616120  0.235254      0.000000  0.000000  0.000000  0.000000  0.000000  0.000000  0.020468  0.003913
Disco_neutral_cluster_2             0.657751  0.386291  0.587497     0.019847      0.136455          0.000055  0.056187  0.318306  0.453423      0.133349  0.153682  0.143488  0.038035  0.191750  0.201095  0.093567  0.176076
Disco_positive_cluster_1            0.922986  0.666916  0.497674     0.132969      0.176173          0.068190  0.216735  0.874922  0.349295      0.484573  0.436272  0.463395  0.437089  0.153400  0.104668  0.116096  0.188071
Disco_positive_cluster_2            0.442801  0.194066  0.252672     0.034587      0.621470          0.013598  0.251285  0.284400  0.288221      0.284043  0.359841  0.248479  0.265316  0.057993  0.067440  0.061475  0.106791
Electronic_negative_cluster_1       0.566415  0.749535  0.646832     0.127186      0.143126          1.000000  0.532459  0.283528  0.414867      0.057149  0.040250  0.358720  0.163007  0.115050  0.035910  0.051796  0.182225
Electronic_negative_cluster_2       0.766104  0.741461  0.857497     0.270114      0.164735          0.023990  0.201346  0.425851  0.395469      0.230841  0.109285  0.242973  0.143518  0.284302  0.285890  0.256335  0.366890
Electronic_neutral_cluster_1        0.879915  0.454076  0.450191     0.263364      0.391531          0.907082  0.235953  0.564098  0.530442      0.293367  0.030736  0.071744  0.053249  0.030680  0.000000  0.000000  0.021129
Electronic_neutral_cluster_2        0.737935  0.828263  0.919120     0.227605      0.097115          0.280750  0.207123  0.395470  0.390616      0.120134  0.123915  0.186146  0.158307  0.130598  0.129081  0.097519  0.141178
Electronic_positive_cluster_1       0.711044  0.710088  0.795778     0.147622      0.174961          0.178194  0.193993  0.384965  0.401811      0.237575  0.241122  0.166166  0.190393  0.061713  0.043050  0.060294  0.096178
Electronic_positive_cluster_2       0.865656  0.738110  0.742951     0.270006      0.139999          0.061771  0.323368  0.528058  0.335730      0.858280  0.691569  0.941802  0.753090  0.231495  0.218462  0.257842  0.389715
Folk_negative_cluster_1             0.521087  0.222043  0.295048     0.089304      0.764523          0.119495  0.196263  0.432675  0.341397      0.144534  0.080912  0.127809  0.122921  0.143241  0.120857  0.131327  0.220827
Folk_negative_cluster_2             0.426357  0.224267  0.239569     0.076748      0.736522          0.030121  0.248164  0.449733  0.397881      0.444495  0.211313  0.420680  0.299092  0.406162  0.351916  0.348751  0.514533
Folk_neutral_cluster_1              0.510762  0.174799  0.234210     0.119772      0.852302          0.030502  0.271866  0.455631  0.398985      0.286023  0.168159  0.221470  0.211672  0.145063  0.153007  0.134249  0.213503
Folk_neutral_cluster_2              0.461499  0.117655  0.194792     0.048201      0.892016          0.160762  0.110894  0.247526  0.306959      0.091368  0.055496  0.051815  0.076070  0.038350  0.008379  0.022092  0.068474
Folk_positive_cluster_1             0.448269  0.085171  0.142080     0.077556      0.861317          0.186852  0.183130  0.367229  0.348477      0.213091  0.167753  0.156420  0.188868  0.046580  0.036896  0.035966  0.064872
Folk_positive_cluster_2             0.519411  0.325781  0.393778     0.135291      0.630553          0.071771  0.225005  0.526684  0.287697      0.513074  0.363226  0.392883  0.407154  0.167279  0.161833  0.164021  0.246171
Funk_negative_cluster_1             0.893812  0.487568  0.347847     0.558101      0.311608          0.008244  0.254989  0.775176  0.314289      0.546094  0.386034  0.661069  0.429251  0.446505  0.610467  0.494570  1.000000
Funk_negative_cluster_2             0.686186  0.555015  0.451578     0.274882      0.313377          0.166595  0.299188  0.621461  0.278819      0.264003  0.152906  0.228276  0.179801  0.199885  0.150821  0.136098  0.229551
Funk_neutral_cluster_1              0.968885  0.690756  0.480257     0.137486      0.264535          0.212713  0.042583  0.814988  0.352855      0.063499  0.124409  0.153737  0.092370  0.076700  0.100547  0.101921  0.169927
Funk_neutral_cluster_2              0.577257  0.010360  0.425431     0.000000      0.968198          0.000108  0.206417  0.000000  0.000000      0.000000  0.076841  0.000000  0.152139  0.076700  0.100547  0.093567  0.176076
Funk_positive_cluster_1             0.702412  0.452996  0.381671     0.176896      0.369621          0.079301  0.212179  0.640161  0.320724      0.299676  0.340001  0.231432  0.257349  0.086597  0.093655  0.063384  0.111862
Funk_positive_cluster_2             0.957496  0.628216  0.471763     0.321205      0.252927          0.120770  0.273914  0.844376  0.306607      0.948256  1.000000  0.995447  1.000000  0.276440  0.159200  0.231238  0.459428
Hip Hop_negative_cluster_1          0.917823  0.619107  0.720890     0.756784      0.207994          0.037586  0.261812  0.527104  0.324581      0.322130  0.146886  0.303395  0.269966  0.421151  0.413862  0.303871  0.406484
Hip Hop_negative_cluster_2          0.936676  0.717734  0.817241     1.000000      0.162280          0.003674  0.293498  0.576760  0.275843      0.668742  0.315021  0.751413  0.579277  0.952462  0.928734  0.692982  0.883289
Hip Hop_neutral_cluster_1           0.744685  0.574848  0.692220     0.423460      0.233648          0.168314  0.160465  0.590915  0.359536      0.200023  0.121665  0.208057  0.155943  0.172575  0.135739  0.121345  0.191140
Hip Hop_neutral_cluster_2           1.000000  0.729824  0.714368     0.761284      0.165640          0.001118  0.302766  0.695355  0.261476      0.569612  0.325388  0.550037  0.547984  0.463042  0.413362  0.417371  0.482144
Hip Hop_positive_cluster_1          0.915030  0.586580  0.657581     0.713930      0.236699          0.060714  0.219576  0.597933  0.323768      0.432616  0.312884  0.358256  0.423958  0.222993  0.192427  0.156332  0.213644
Hip Hop_positive_cluster_2          0.838164  0.665882  0.771219     0.912094      0.213313          0.008216  0.317922  0.569749  0.293964      1.000000  0.717314  1.000000  0.997294  0.642905  0.494745  0.414005  0.573817
Jazz_negative_cluster_1             0.814140  0.678352  0.703941     0.346048      0.287288          0.251991  0.360380  0.765938  0.465056      0.479067  0.122376  0.438435  0.249340  0.490029  0.463635  0.320988  0.443885
Jazz_negative_cluster_2             0.475647  0.122783  0.270183     0.098482      0.817661          0.121250  0.190869  0.373423  0.261547      0.175778  0.089066  0.114138  0.108054  0.130739  0.118829  0.104864  0.235746
Jazz_neutral_cluster_1              0.651618  0.411451  0.569310     0.319990      0.723058          0.001237  0.177163  0.535474  0.158179      0.133349  0.081110  0.167403  0.088748  0.102267  0.092168  0.078947  0.219117
Jazz_neutral_cluster_2              0.798194  0.315229  0.364955     0.346831      0.455301          0.372389  0.215164  0.591075  0.295426      0.177798  0.052935  0.062178  0.076070  0.015340  0.026813  0.003899  0.015390
Jazz_positive_cluster_1             0.408839  0.153462  0.253503     0.087030      0.839131          0.180209  0.234968  0.350602  0.316358      0.207431  0.185425  0.160044  0.149864  0.031139  0.031367  0.015595  0.056150
Jazz_positive_cluster_2             0.633910  0.370844  0.437621     0.313927      0.601395          0.175118  0.363753  0.522131  0.300031      0.491908  0.336393  0.578734  0.429794  0.171297  0.192716  0.140351  0.207639
Metal_negative_cluster_1            0.274515  1.000000  0.935735     0.327096      0.005937          0.118661  0.286390  0.330328  0.442303      0.439493  0.177896  0.431156  0.314674  0.584623  0.584371  0.554634  0.756227
Metal_negative_cluster_2            0.233857  0.947123  0.883765     0.228623      0.026315          0.261443  0.251028  0.302468  0.408985      0.176394  0.069216  0.147062  0.135502  0.215655  0.183380  0.205197  0.283495
Metal_neutral_cluster_1             0.228583  0.831910  0.767600     0.224461      0.104001          0.461595  0.229415  0.207674  0.415183      0.138713  0.065359  0.117512  0.122630  0.077361  0.083212  0.066848  0.087768
Metal_neutral_cluster_2             0.289384  0.992684  0.932685     0.383756      0.006043          0.094853  0.311434  0.307900  0.422901      0.408935  0.196859  0.311574  0.285805  0.238866  0.221204  0.269006  0.279374
Metal_positive_cluster_1            0.419156  0.959428  0.904239     0.252519      0.021281          0.102064  0.282398  0.430470  0.403156      0.730107  0.491564  0.679278  0.674512  0.385541  0.332127  0.397163  0.470951
Metal_positive_cluster_2            0.263917  0.882401  0.845329     0.226997      0.067240          0.224671  0.269547  0.312684  0.449377      0.279002  0.175895  0.172064  0.266244  0.120034  0.090180  0.104388  0.133035
Motown_negative_cluster_1           0.522061  0.270847  0.475705     0.030480      0.577670          0.065316  0.101383  0.541325  0.139690      0.077787  0.115261  0.161424  0.047544  0.105463  0.175958  0.195906  0.488122
Motown_negative_cluster_2           0.000000  0.000000  0.315040     0.047391      1.000000          0.000075  0.075709  0.001366  0.891695      0.222248  0.076841  0.215232  0.304279  0.115050  0.050274  0.181287  0.219117
Motown_positive_cluster_1           0.753803  0.551446  0.580873     0.123088      0.544737          0.117345  0.331033  0.849164  0.480495      0.141193  0.370645  0.113946  0.243871  0.027071  0.020701  0.029928  0.077335
Motown_positive_cluster_2           0.763831  0.513574  0.397727     0.056808      0.510510          0.030704  0.308712  0.715335  0.265973      0.566731  0.736393  0.798151  0.527734  0.325976  0.100547  0.119152  0.267538
Pop_negative_cluster_1              0.589098  0.536614  0.692492     0.135872      0.360952          0.099653  0.188040  0.417572  0.360038      0.178772  0.087915  0.174308  0.110103  0.154472  0.138425  0.149291  0.262794
Pop_negative_cluster_2              0.753148  0.701276  0.824432     0.303803      0.196250          0.028419  0.235996  0.593278  0.363861      0.419141  0.260442  0.526638  0.310618  0.478715  0.498548  0.467214  0.718168
Pop_neutral_cluster_1               0.791348  0.679206  0.812304     0.240563      0.211302          0.014520  0.204924  0.585244  0.338620      0.457602  0.287661  0.433223  0.338413  0.300409  0.259103  0.268256  0.406179
Pop_neutral_cluster_2               0.514421  0.455592  0.580189     0.132459      0.450864          0.168703  0.208882  0.376645  0.321413      0.151346  0.086741  0.134685  0.113171  0.066348  0.058755  0.058318  0.099764
Pop_positive_cluster_1              0.788667  0.712862  0.816177     0.231199      0.191214          0.022468  0.236756  0.641238  0.364231      0.491384  0.471035  0.457079  0.454672  0.176350  0.161513  0.168541  0.253459
Pop_positive_cluster_2              0.494327  0.366031  0.532310     0.101823      0.529813          0.097800  0.188963  0.344974  0.338159      0.231936  0.217892  0.173900  0.201915  0.059009  0.049669  0.048312  0.083481
R&B_negative_cluster_1              0.802181  0.604637  0.768296     0.387073      0.174061          0.036014  0.211568  0.535196  0.312199      0.314379  0.277093  0.450030  0.298747  0.520864  0.499995  0.458799  0.704304
R&B_negative_cluster_2              0.762852  0.371839  0.579008     0.305849      0.419277          0.085453  0.180260  0.478555  0.302282      0.199842  0.100372  0.176735  0.128638  0.172420  0.154908  0.178196  0.314296
R&B_neutral_cluster_1               0.569312  0.199657  0.391144     0.298301      0.682537          0.120987  0.240737  0.238264  0.328531      0.125267  0.025614  0.032611  0.048408  0.024405  0.009141  0.000532  0.000000
R&B_neutral_cluster_2               0.861589  0.460760  0.766032     0.302977      0.310368          0.010198  0.133996  0.568881  0.287603      0.250321  0.225131  0.294528  0.264242  0.163493  0.195803  0.182825  0.255362
R&B_positive_cluster_1              0.630388  0.273101  0.544911     0.155419      0.528075          0.014854  0.148212  0.265039  0.300879      0.386883  0.465522  0.349665  0.417276  0.160475  0.130565  0.142253  0.218908
R&B_positive_cluster_2              0.860673  0.587570  0.694350     0.326317      0.191461          0.026139  0.199233  0.691455  0.327320      0.361275  0.402371  0.290136  0.357729  0.098156  0.088588  0.096659  0.152186
Rap_negative_cluster_1              0.892417  0.597185  0.750080     0.647589      0.204848          0.044498  0.230890  0.435057  0.356684      0.314532  0.145136  0.308973  0.253515  0.403867  0.390301  0.291771  0.408358
Rap_negative_cluster_2              0.957874  0.689087  0.797275     0.889402      0.180031          0.006060  0.285833  0.579733  0.304612      0.650938  0.310779  0.787111  0.571199  1.000000  1.000000  0.747888  0.963723
Rap_neutral_cluster_1               0.921891  0.615149  0.793311     0.759364      0.350284          0.012719  0.248358  0.518933  0.264782      0.508700  0.316850  0.422492  0.511358  0.539742  0.435706  0.349144  0.588949
Rap_neutral_cluster_2               0.757286  0.613219  0.741943     0.493181      0.251540          0.192832  0.259241  0.430887  0.370853      0.221214  0.126877  0.168515  0.185752  0.123077  0.107562  0.113967  0.176076
Rap_positive_cluster_1              0.814967  0.584818  0.746888     0.496867      0.225381          0.047913  0.212055  0.472409  0.348978      0.381163  0.320469  0.320790  0.353223  0.202156  0.173269  0.139444  0.200032
Rap_positive_cluster_2              0.863113  0.686116  0.817251     0.852290      0.222924          0.004938  0.274605  0.545521  0.329461      0.916322  0.631555  0.893897  0.844768  0.584063  0.471987  0.375367  0.561911
Rock_negative_cluster_1             0.431618  0.813555  0.791308     0.228215      0.121883          0.104174  0.268357  0.506016  0.436443      0.401595  0.195090  0.435977  0.283885  0.440529  0.420385  0.421607  0.607176
Rock_negative_cluster_2             0.391995  0.646749  0.632287     0.111619      0.240946          0.198336  0.242974  0.452708  0.399463      0.166725  0.066074  0.138180  0.103484  0.136868  0.125549  0.124360  0.197211
Rock_neutral_cluster_1              0.375681  0.545795  0.539817     0.098731      0.325188          0.292193  0.253043  0.417718  0.376536      0.139241  0.067672  0.100550  0.092998  0.061229  0.056653  0.049320  0.069371
Rock_neutral_cluster_2              0.465193  0.748578  0.747528     0.193452      0.221221          0.081196  0.234598  0.540597  0.436313      0.411360  0.235180  0.379591  0.362369  0.276121  0.261423  0.255715  0.349022
Rock_positive_cluster_1             0.502853  0.716159  0.710995     0.178422      0.195394          0.085902  0.274958  0.551432  0.387888      0.595577  0.444290  0.557203  0.517446  0.227996  0.208540  0.203649  0.290839
Rock_positive_cluster_2             0.433119  0.575709  0.576963     0.103783      0.310340          0.165419  0.249906  0.480048  0.383929      0.224000  0.183030  0.171937  0.193498  0.061269  0.053823  0.046953  0.075473
Soul_negative_cluster_1             0.924580  0.647470  0.749264     0.343026      0.244960          0.055740  0.200425  0.630886  0.316619      0.399100  0.286655  0.648748  0.306707  0.602178  0.542314  0.555182  0.763079
Soul_negative_cluster_2             0.604454  0.365637  0.473283     0.108178      0.555116          0.099710  0.190855  0.496000  0.331246      0.191222  0.104346  0.147340  0.104660  0.145679  0.130577  0.144982  0.309820
Soul_neutral_cluster_1              0.941780  0.848803  1.000000     0.318369      0.117496          0.031307  0.036496  0.790984  0.305975      0.977889  0.614728  0.645695  0.722662  0.460201  0.377053  0.356725  0.498882
Soul_neutral_cluster_2              0.613355  0.371104  0.513577     0.076748      0.480263          0.053665  0.129320  0.478439  0.289143      0.210652  0.082409  0.081102  0.074416  0.068363  0.065574  0.060514  0.069410
Soul_positive_cluster_1             0.653035  0.408807  0.518081     0.139801      0.492387          0.060268  0.171137  0.570253  0.328584      0.289639  0.339647  0.201842  0.230663  0.056907  0.047378  0.052133  0.084441
Soul_positive_cluster_2             0.803483  0.570475  0.601304     0.237395      0.320149          0.019810  0.247111  0.719296  0.296432      0.704151  0.781343  0.709626  0.666928  0.272248  0.250871  0.242661  0.429207